(0.5, Vector((2.0000009536743164, 2.0000009536743164, 2.0)), array([[[((-1, -1, -1), (1, 2, 1), (255, 255, 255)),
         ((-1, -1, 0), (1, 2, 129), (255, 255, 255)),
         ((-1, -1, 0), (1, 2, 0), (255, 255, 255)),
         ((-1, -1, 0), (1, 2, 127), (255, 255, 255))],
        [((-1, 0, -1), (1, 129, 1), (255, 255, 255)),
         ((-1, 0, 0), (1, 129, 129), (255, 255, 255)),
         ((-1, 0, 0), (1, 129, 0), (255, 255, 255)),
         ((-1, 0, 0), (1, 129, 127), (255, 255, 255))],
        [((-1, 0, -1), (2, 0, 1), (255, 255, 255)),
         ((-1, 0, 0), (1, 0, 129), (255, 255, 255)),
         ((-1, 0, 0), (1, 0, 0), (255, 255, 255)),
         ((-1, 0, 0), (1, 0, 127), (255, 255, 255))],
        [((-1, 0, -1), (2, 127, 1), (255, 255, 255)),
         ((-1, 0, 0), (2, 127, 129), (255, 255, 255)),
         ((-1, 0, 0), (2, 127, 0), (255, 255, 255)),
         ((-1, 0, 0), (1, 127, 127), (255, 255, 255))]],

       [[((0, -1, -1), (129, 2, 1), (255, 255, 255)),
         ((0, -1, 0), (129, 2, 129), (255, 255, 255)),
         ((0, -1, 0), (129, 2, 0), (255, 255, 255)),
         ((0, -1, 0), (129, 2, 127), (255, 255, 255))],
        [((0, 0, -1), (129, 129, 1), (255, 255, 255)),
         ((0, 0, 0), (129, 2, 129), (255, 255, 255)),
         ((0, 0, 0), (129, 2, 0), (255, 255, 255)),
         ((0, 0, 0), (129, 2, 127), (255, 255, 255))],
        [((0, 0, -1), (129, 0, 1), (255, 255, 255)),
         ((0, 0, 0), (1, 0, 129), (255, 255, 255)),
         ((0, 0, 0), (1, 0, 0), (255, 255, 255)),
         ((0, 0, 0), (1, 0, 127), (255, 255, 255))],
        [((0, 0, -1), (129, 127, 1), (255, 255, 255)),
         ((0, 0, 0), (2, 127, 129), (255, 255, 255)),
         ((0, 0, 0), (2, 127, 0), (255, 255, 255)),
         ((0, 0, 0), (1, 127, 127), (255, 255, 255))]],

       [[((0, -1, -1), (0, 2, 1), (255, 255, 255)),
         ((0, -1, 0), (0, 2, 129), (255, 255, 255)),
         ((0, -1, 0), (0, 2, 0), (255, 255, 255)),
         ((0, -1, 0), (0, 2, 127), (255, 255, 255))],
        [((0, 0, -1), (0, 129, 1), (255, 255, 255)),
         ((0, 0, 0), (0, 2, 129), (255, 255, 255)),
         ((0, 0, 0), (0, 2, 0), (255, 255, 255)),
         ((0, 0, 0), (0, 2, 127), (255, 255, 255))],
        [((0, 0, -1), (0, 0, 1), (255, 255, 255)),
         ((0, 0, 0), (0, 0, 0), (255, 255, 255)),
         ((0, 0, 0), (0, 0, 0), (255, 255, 255)),
         ((0, 0, 0), (0, 0, 0), (255, 255, 255))],
        [((0, 0, -1), (0, 127, 1), (255, 255, 255)),
         ((0, 0, 0), (0, 0, 0), (255, 255, 255)),
         ((0, 0, 0), (0, 0, 0), (255, 255, 255)),
         ((0, 0, 0), (0, 0, 0), (255, 255, 255))]],

       [[((0, -1, -1), (127, 2, 1), (255, 255, 255)),
         ((0, -1, 0), (127, 2, 129), (255, 255, 255)),
         ((0, -1, 0), (127, 1, 0), (255, 255, 255)),
         ((0, -1, 0), (127, 1, 127), (255, 255, 255))],
        [((0, 0, -1), (127, 129, 1), (255, 255, 255)),
         ((0, 0, 0), (127, 2, 129), (255, 255, 255)),
         ((0, 0, 0), (127, 1, 0), (255, 255, 255)),
         ((0, 0, 0), (127, 1, 127), (255, 255, 255))],
        [((0, 0, -1), (127, 0, 1), (255, 255, 255)),
         ((0, 0, 0), (0, 0, 0), (255, 255, 255)),
         ((0, 0, 0), (0, 0, 0), (255, 255, 255)),
         ((0, 0, 0), (0, 0, 0), (255, 255, 255))],
        [((0, 0, -1), (127, 127, 1), (255, 255, 255)),
         ((0, 0, 0), (0, 0, 0), (255, 255, 255)),
         ((0, 0, 0), (0, 0, 0), (255, 255, 255)),
         ((0, 0, 0), (0, 0, 0), (255, 255, 255))]]], 
      dtype=[('location', [('x', '<i2'), ('y', '<i2'), ('z', '<i2')]), ('normal', [('x', 'u1'), ('y', 'u1'), ('z', 'u1')]), ('color', [('r', 'u1'), ('g', 'u1'), ('b', 'u1')])]))